v2.0 raw
194f 1030 1200 1430 1600 1880 1a00 19 10b4 1108 12e1 1478 1508 160c 1701 18ff
1a52 1b01 16 20 20 20 20 20 20 20 20 20 10b9 1f 20 20
20 20 20 20 1473 1f 20 190f 1f 194f 1f 190f 1f 194f 1f 190f
1f 194f 10b4 1286 1ae1 1b00 1b 190f 1f 194f 1f 20 20 20 20 20
20 20 10b9 1f 20 20 20 20 20 20 20 20 20 20 20 20
20 10b4 1296 1478 16fd 1700 1aa9 1a 20 20 20 20 20 20 20 20
20 10b9 1f 20 20 20 20 20 20 1473 1f 20 20 20 20 20
20 10b4 12a9 1ae1 1d 20 20 20 20 20 20 20 20 20 10b9 1f
20 20 20 20 20 20 20 20 20 20 20 20 10b4 12b3 1478 16e1
1aa9 1b 20 20 20 20 20 20 20 20 20 10b9 1f 20 20 20
20 20 20 1473 1f 20 20 20 20 20 20 10b4 12a9 1ae1 1d 20
20 20 20 20 20 20 20 20 10b9 1f 20 20 20 20 20 20
20 20 20 20 20 20 20 10b4 120c 1301 1aa9 1c 20 20 20 20
20 20 20 20 20 10b9 1f 20 20 20 20 20 20 20 20 20
20 20 1470 1f 10b4 12c9 1300 1ae1 1c 20 20 20 20 20 20 20
20 20 10b9 1f 20 20 20 20 20 20 20 20 20 20 20 20
20 10b4 12e1 1478 162d 1701 1a67 1b01 19 20 20 20 20 20 20 20
20 20 10b9 1f 20 20 20 20 20 20 1473 1f 20 20 20 20
20 20 1ae1 1b00 1e 20 20 20 20 20 20 20 20 20 20 20
20 20 20 20 20 20 20 20 20 20 20 10b4 1ab3 1e 20 20
20 20 20 20 20 20 20 10b9 1f 20 20 20 20 20 20 20
20 20 20 20 20 20 1470 1ae1 1e 20 20 20 20 20 20 20
20 20 20 20 20 20 20 20 20 20 20 20 20 20 20 20
10b4 122d 1301 1ab3 1c 20 20 20 20 20 20 20 20 20 10b9 1f
20 20 20 20 20 20 20 20 20 20 20 20 1ae1 1f 20 20
20 20 20 20 20 20 20 20 20 20 20 20 20 20 20 20
20 20 20 20 20 10b4 12c9 1300 1ab3 1c 20 20 20 20 20 20
20 20 20 10b9 1f 20 20 20 20 20 20 20 20 20 20 20
20 20 1ae1 1f 20 20 20 20 20 20 20 20 20 20 20 20
20 20 20 20 20 20 20 20 20 20 10b4 12e1 1478 1a7c 1b01 1b
20 20 20 20 20 20 20 20 20 10b9 1f 20 20 20 20 20
20 1473 1f 20 20 20 20 20 20 1ae1 1b00 1e 20 20 20 20
20 20 20 20 20 20 20 20 20 20 20 20 20 20 20 20
20 20 20 1abe 1f 20 20 20 20 20 20 20 20 20 20 20
20 20 20 20 20 20 10b4 1f 20 20 20 20 1470 1ae1 1e 20
20 20 20 20 20 20 20 20 10b9 1f 20 20 20 20 20 20
20 20 20 20 20 20 20 10b4 122d 1301 1abe 1c 20 20 20 20
20 20 20 20 20 10b9 1f 20 20 20 20 20 20 20 20 20
20 20 20 20 1ae1 1f 20 20 20 20 20 20 20 20 20 20
20 20 20 20 20 20 20 20 20 20 20 20 20 10b4 12c9 1300
1abe 1c 20 20 20 20 20 20 20 20 20 10b9 1f 20 20 20
20 20 20 20 20 20 20 20 20 10b4 12e1 1ae1 1d 20 20 20
20 20 20 20 20 20 10b9 1f 20 20 20 20 20 20 20 20
20 20 20 20 20 10b4 12fd 1478 1667 1a93 1b01 1a 20 20 20 20
20 20 20 20 20 10b9 1f 20 20 20 20 20 20 1473 1f 20
20 20 20 20 20 1afd 1b00 1e 20 20 20 20 20 20 20 20
20 20 20 20 20 20 20 20 20 20 20 20 20 20 10b4 1252
1301 1470 1ac9 1b 190f 1f 194f 1f 190f 1f 194f 1f 190f 1f 194f 1f
20 20 20 10b9 1f 20 20 20 20 20 20 20 20 20 20 20
20 20 1afd 1f 20 20 20 20 20 20 20 20 20 20 20 20
20 20 20 20 20 20 20 20 20 20 20 1ac9 1f 20 20 20
20 20 20 20 20 20 20 20 20 20 20 20 20 20 20 20
20 20 20 1afd 1f 20 20 20 20 20 20 20 20 20 10b4 1f
20 20 20 20 20 20 20 20 20 10b0 1f 20 20 20 10b4 1ac9
1e 20 20 20 20 20 20 20 20 20 10b9 1f 20 20 20 20
20 20 20 20 20 20 20 20 20 10b4 122d 1afd 1d 20 20 20
20 20 20 20 20 20 10b9 1f 20 20 20 20 20 20 20 20
20 20 20 20 10b4 121c 1478 1652 1aaa 1b01 1a 20 20 20 20 20
20 20 20 20 10b9 1f 20 20 20 20 20 20 1473 1f 20 20
20 20 20 20 1a1c 1f 20 20 20 20 20 20 20 20 20 20
20 20 20 20 20 20 20 20 20 20 20 20 20 1ad5 1b00 1e
20 20 20 20 20 20 20 20 20 20 20 20 1470 1f 20 20
20 20 10b4 1f 20 20 20 20 1478 1a1c 1b01 1d 20 20 20 20
20 20 20 20 20 10b9 1f 20 20 20 20 20 20 1473 1f 20
20 20 20 20 20 10b4 12fd 1300 1478 162d 1ad5 1b00 19 20 20 20
20 20 20 20 20 20 10b9 1f 20 20 20 20 20 20 1473 1f
20 20 20 20 20 20 10b4 121c 1301 1478 1652 1a1c 1b01 19 20 20
20 20 20 20 20 20 20 10b9 1f 20 20 20 20 20 20 1473
1f 20 20 20 20 20 10b4 122d 1ad5 1b00 1c 20 20 20 20 20
20 20 20 20 10b9 1f 20 20 20 20 20 20 20 20 20 20
20 20 20 10b4 121c 1a1c 1b01 1c 20 20 20 20 20 20 20 20
20 10b9 1f 20 20 20 1470 1f 20 20 20 20 20 20 20 20
20 10b4 12e1 1300 1478 160c 1ac4 1a 20 20 20 20 20 20 20 20
20 10b9 1f 20 20 20 20 20 20 1473 1f 20 20 20 20 20
20 1a0c 1f 20 20 20 20 20 20 20 20 20 20 20 20 20
20 20 20 20 20 20 20 20 20 1478 162d 1ae1 1b00 1c 20 20
20 20 20 20 20 20 20 20 20 20 20 20 20 20 1473 1f
20 20 20 20 20 20 1a0c 1b01 1e 20 20 20 20 20 20 20
20 20 10b4 1f 20 20 20 20 20 20 20 20 20 10b0 1f 20
20 20 10b4 120c 1301 1478 1652 1ae1 1b00 19 20 20 20 20 20 20
20 20 20 10b9 1f 20 20 20 20 20 20 1473 1f 20 20 20
20 20 1a0c 1b01 1e 20 20 20 20 20 20 20 20 20 20 20
20 20 20 20 20 20 20 20 20 20 20 20 10b4 12ef 1300 1ae1
1b00 1b 20 20 20 20 20 20 20 20 20 10b9 1f 20 20 20
20 20 20 20 20 20 20 20 20 1470 1f 10b4 12e1 1a0c 1b01 1c
20 20 20 20 20 20 20 20 20 10b9 1f 20 20 20 20 20
20 20 20 20 20 20 20 10b4 12ef 1478 162d 1ade 1b 20 20 20
20 20 20 20 20 20 10b9 1f 20 20 20 20 20 20 1473 1f
20 20 20 20 20 20 1a2d 1f 20 20 20 20 20 20 20 20
20 20 20 20 20 20 20 20 20 20 20 20 20 20 20 10b4
12a9 1478 160c 1aef 1b00 1a 20 20 20 20 20 20 20 20 20 10b9
1f 20 20 20 20 20 20 1473 1f 20 20 20 20 20 1a2d 1b01
1e 20 20 20 20 20 20 20 20 20 20 20 20 20 20 190f
1f 194f 1f 190f 1f 194f 1f 190f 1f 194f 1f 190f 1f 194f 1f 20
10b4 12b3 1478 16ef 1700 1aef 1b00 19 190f 1f 194f 1f 20 20 20 20
20 20 20 10b9 1f 20 20 20 20 20 20 1473 1f 20 20 20
20 20 20 1a2d 1b01 1e 20 20 20 20 20 20 20 20 20 20
20 20 20 20 20 20 20 20 20 20 20 20 10b4 12a9 1478 16c9
1aef 1b00 1a 20 20 20 20 20 20 20 20 20 10b9 1f 20 20
20 20 20 20 1473 1f 20 20 20 20 20 20 1a2d 1b01 1e 20
20 20 20 20 20 20 20 20 20 20 20 20 20 20 20 20
20 20 20 20 20 20 10b4 1296 1478 16a9 1ac4 1b 20 20 20 20
20 20 20 20 20 10b9 1f 20 20 20 20 20 20 1473 1f 20
20 20 20 20 1a2d 1f 20 20 20 20 20 20 20 20 20 20
20 20 20 20 20 20 20 20 20 20 20 20 20 1478 16b3 1ae1
1b00 1c 20 20 20 20 20 20 20 20 20 20 20 20 20 20
20 20 1473 1f 20 20 20 20 20 20 1478 16c9 1a2d 1b01 1c 20
20 20 20 20 20 20 20 20 20 20 20 20 20 20 20 1473
1f 20 20 20 20 20 20 1478 16e1 1afb 1d 20 20 20 20 20
20 20 20 20 20 20 20 20 20 20 20 1473 1f 10b4 1f 20
20 20 20 1a2d 1f 20 20 20 20 10b0 1f 20 20 20 20 20
20 20 20 20 20 20 20 20 20 20 20 20 20 1478 16fd 1afd
1b00 1c 20 20 20 20 20 20 20 20 20 20 20 20 20 20
20 20 1473 1f 20 20 20 20 20 20 1a2d 1b01 1e 20 20 20
20 20 20 20 20 20 20 20 20 20 20 20 20 20 20 20
20 20 20 10b4 1286 1478 16e1 1a52 1b 20 20 20 20 20 20 20
20 20 10b9 1f 20 20 20 20 20 20 1473 1f 20 20 20 20
20 20 1ae1 1b00 1e 20 20 20 20 20 20 20 20 20 20 20
20 20 20 20 20 20 20 20 20 20 20 20 1aa9 1f 20 20
20 20 20 20 20 20 20 20 20 20 1470 1f 20 20 20 20
10b4 1f 20 20 20 20 1478 1ae1 1e 20 20 20 20 20 20 20
20 20 10b9 1f 20 20 20 20 20 20 1473 1f 20 20 20 20
20 20 10b4 12e1 1478 160c 1701 1aa9 1a 20 20 20 20 20 20 20
20 20 10b9 1f 20 20 20 20 20 20 1473 1f 20 20 20 20
20 20 1ae1 1f 20 20 20 20 20 20 20 20 20 20 20 20
20 20 20 20 20 20 20 20 20 20 10b4 12b3 1478 162d 1aa9 1b
20 20 20 20 20 20 20 20 20 10b9 1f 20 20 20 20 20
20 1473 1f 20 20 20 20 20 20 1ae1 1f 20 20 20 20 20
20 20 20 20 20 20 20 20 20 20 20 20 20 20 20 20
20 20 10b4 12a9 1478 16fd 1700 1a2d 1b01 19 20 20 20 20 20 20
20 20 20 10b9 1f 20 20 20 20 20 20 1473 1f 20 20 20
20 20 1ac9 1b00 1e 20 20 20 20 20 20 20 20 20 20 20
20 20 20 20 20 20 20 20 20 20 20 20 1aa9 1f 20 20
20 20 20 20 20 20 20 20 20 20 20 20 20 20 20 20
20 20 20 20 1470 1f 1ac9 1f 20 20 20 20 20 20 20 20
20 10b4 1f 20 20 20 20 20 20 20 20 20 10b0 1f 20 20
10b4 12b3 1478 16e1 1aa9 1b 20 20 20 20 20 20 20 20 20 10b9
1f 20 20 20 20 20 20 1473 1f 20 20 20 20 20 20 1ac9
1f 20 20 190f 1f 194f 1f 190f 1f 194f 1f 190f 1f 194f 1f 20
20 20 20 20 20 20 20 20 20 20 20 20 20 20 10b4 12c9
1478 16fd 1aa9 1b 20 20 20 20 20 20 20 20 20 10b9 1f 20
20 20 20 20 20 1473 1f 20 20 20 20 20 20 1ac9 1f 20
20 20 20 20 20 20 20 20 20 20 20 20 20 20 20 20
20 20 20 20 20 10b4 12e1 1478 160c 1701 1a67 1b01 19 20 20 20
20 20 20 20 20 20 10b9 1f 20 20 20 20 20 20 1473 1f
20 20 20 20 20 20 1a0c 1f 20 20 20 20 20 20 20 20
20 20 20 20 20 20 20 20 20 20 20 20 20 20 20 1ab3
1b00 1e 20 20 20 20 20 20 20 20 20 20 20 20 20 20
20 20 20 20 20 20 20 20 1470 1a0c 1b01 1d 20 20 20 20
20 20 20 20 20 20 20 20 20 20 20 20 20 20 20 20
20 20 20 1ab3 1b00 1e 20 10b4 1f 20 20 20 20 20 20 20
20 20 10b0 1f 20 20 20 20 20 20 20 20 20 20 20 10b4
1a0c 1b01 1d 20 20 20 20 20 20 20 20 20 10b9 1f 20 20
20 20 20 20 20 20 20 20 20 20 10b4 12c9 1ab3 1b00 1c 20
20 20 20 20 20 20 20 20 10b9 1f 20 20 20 20 20 20
20 20 20 20 20 20 20 10b4 12b3 1a0c 1b01 1c 20 20 20 20
20 20 20 20 20 10b9 1f 20 20 20 20 20 20 20 20 20
20 20 20 20 10b4 1478 1a93 1d 20 20 20 20 20 20 20 20
20 10b9 1f 20 20 20 20 20 20 1473 1f 20 20 20 20 20
1a0c 1f 20 20 20 20 20 20 20 20 20 20 20 20 20 20
20 20 20 20 20 20 20 20 20 10b4 12a9 1ac9 1b00 1c 20 20
20 20 20 20 20 20 20 10b9 1f 20 20 20 20 20 20 20
20 20 20 20 20 20 1470 1a0c 1b01 1d 20 20 20 20 20 20
20 20 20 20 20 20 20 20 20 20 20 20 20 20 20 20
10b4 120c 1301 1ac9 1b00 1b 20 20 20 20 20 20 20 20 20 10b9
1f 20 20 20 20 20 20 20 20 20 20 20 20 20 1a0c 1b01
1e 20 20 20 20 20 20 20 20 20 20 20 20 20 20 20
20 20 20 20 20 20 20 20 10b4 12fd 1300 1478 1652 1ac9 1b00 19
20 20 20 20 20 20 20 20 20 10b9 1f 20 20 20 20 20
20 1473 1f 20 20 20 20 20 1afd 1f 20 20 20 20 20 20
20 20 20 20 20 20 20 20 20 20 20 20 20 20 20 20
20 10b4 12e1 1478 160c 1a67 1b01 1a 20 20 20 20 20 20 20 20
20 10b9 1f 20 20 20 20 20 20 1473 1f 20 20 20 20 20
20 1a0c 1f 20 20 20 20 20 20 20 20 20 20 20 20 20
20 20 20 20 20 20 20 20 20 20 1ab3 1b00 1e 20 20 20
20 20 20 20 20 20 20 20 20 20 20 20 20 20 20 20
20 20 20 1470 1a0c 1b01 1d 20 20 20 20 20 20 20 20 20
20 20 20 20 20 20 20 20 20 20 20 20 20 20 1ab3 1b00
1e 20 20 20 20 20 20 20 20 20 20 20 20 20 20 20
20 20 20 20 20 20 20 20 1a0c 1b01 1e 20 20 20 20 20
20 20 20 20 20 20 20 20 20 20 20 20 20 20 20 20
20 1ab3 1b00 1e 20 20 10b4 1f 20 20 20 20 20 190f 1f 194f
1f 190f 1f 194f 1f 190f 10b0 1e 194f 1f 20 20 20 20 20 20
20 20 20 1a0c 1b01 1e 20 20 20 20 20 20 20 20 20 20
20 20 20 20 20 20 20 20 20 20 20 20 20 1a7c 1f 20
20 20 20 20 20 20 20 20 20 20 20 20 20 20 20 20
20 20 20 20 20 10b4 120c 1301 1a0c 1c 20 20 20 20 20 20
20 20 20 10b9 1f 20 20 20 20 20 20 20 20 20 20 20
20 20 10b4 12fd 1300 1478 162d 1abe 1b00 19 20 20 20 20 20 20
20 20 20 10b9 1f 20 20 20 20 20 20 1473 1f 20 20 20
20 20 20 10b4 120c 1301 1a0c 1b01 1b 20 20 20 20 20 20 20
20 20 10b9 1f 20 20 20 20 20 20 20 20 20 20 20 20
10b4 12c9 1300 1478 163f 1a93 1a 20 20 20 20 20 20 20 20 20
10b9 1f 20 20 20 20 20 20 1473 1f 20 20 20 20 20 20
10b4 12e1 1a0c 1d 20 20 20 20 20 20 20 20 20 10b9 1f 20
20 20 20 20 20 20 20 20 20 20 20 20 10b4 12fd 1478 1667
1ac9 1b00 1a 20 20 20 20 20 20 20 20 20 10b9 1f 20 20
20 20 20 20 1473 1f 20 20 20 20 20 10b4 120c 1301 1478 163f
1a0c 1b01 19 20 20 20 20 20 20 20 20 20 10b9 1f 20 20
20 20 20 20 1473 1f 20 20 20 20 20 20 10b4 1478 162d 1a93
1c 20 20 20 20 20 20 20 20 20 10b9 1f 20 20 20 20
20 20 1473 1f 20 20 20 20 20 20 10b4 12fd 1300 1afd 1b00 1b
20 20 20 20 20 20 20 20 20 10b9 1f 20 20 20 20 20
20 20 20 20 20 20 20 10b4 122d 1301 1ac9 1c 20 20 20 20
20 20 20 20 20 10b9 1f 20 20 20 20 20 20 20 20 20
20 20 20 20 1470 1afd 1e 20 20 20 20 20 20 20 20 20
20 20 20 20 20 20 20 20 20 20 20 20 20 20 1ac9 1f
20 20 20 20 20 20 20 20 20 20 20 20 20 20 20 20
20 20 20 20 20 20 20 1afd 1f 20 20 20 20 20 20 20
20 20 20 20 20 20 20 20 20 20 20 20 20 20 20 1ac9
1f 20 20 20 20 20 20 20 20 20 20 20 20 20 20 20
20 20 10b4 1f 20 20 20 20 20 1afd 1f 20 20 20 10b0 1f
20 20 20 20 20 20 20 20 20 20 20 20 20 20 20 20
20 20 20 1aaa 1b01 1e 20 20 20 20 20 20 20 20 20 20
20 20 20 20 20 20 20 20 20 20 20 20 10b4 12fd 1300 1478
1afd 1b00 1a 20 20 20 20 20 20 20 20 20 10b9 1f 20 20
20 20 20 20 1473 1f 20 20 20 20 20 20 10b4 12e1 1ad5 1d
20 20 20 20 20 20 20 20 20 10b9 1f 20 20 20 20 20
20 20 20 20 20 20 20 20 10b4 12fd 1afd 1d 20 20 20 20
20 20 20 20 20 10b9 1f 20 20 1470 1f 20 20 20 20 20
20 20 20 20 10b4 12a9 1478 1652 1ad5 1b 20 20 20 20 20 20
20 20 20 10b9 1f 20 20 20 20 20 20 1473 1f 20 20 20
20 20 20 10b4 12fd 1afd 1d 20 20 20 20 20 20 20 20 20
10b9 1f 20 20 20 20 20 20 20 20 20 20 20 20 20 10b4
12e1 1478 162d 1ad5 1b 20 20 20 20 20 20 20 20 20 10b9 1f
20 20 20 20 20 20 1473 1f 20 20 20 20 20 10b4 12fd 1afd
1d 20 20 20 20 20 20 20 20 20 10b9 1f 20 20 20 20
20 20 20 20 20 20 20 20 190f 1f 194f 10b4 120c 1301 1478 1652
1a52 1b01 18 190f 1f 194f 1f 190f 1f 194f 1f 20 20 20 20 20
10b9 1f 20 20 20 20 20 20 1473 1f 20 20 20 20 20 20
1478 1619 1702 1d 20 20 20 20 20 20 20 20 20 20 20 20
20 20 20 20 1473 1f 20 20 20 20 20 1478 16fb 1701 1a67 1c
20 20 20 20 20 20 20 20 20 20 20 20 20 20 20 20
1473 1f 20 20 20 20 20 20 1478 16c4 1e 20 20 20 20 20
20 20 20 20 20 20 20 20 20 20 20 1473 1f 20 20 20
20 20 20 1478 1693 1a93 1d 20 10b4 1f 20 20 20 20 20 20
20 20 20 10b0 1f 20 20 20 20 1473 1f 20 20 20 20 20
10b4 12e1 1300 1478 1667 1b 20 20 20 20 20 20 20 20 20 10b9
1f 20 20 20 20 20 20 1473 1f 20 20 20 20 20 20 10b4
12a9 1478 1652 1ac4 1b 20 20 20 20 20 20 20 20 20 10b9 1f
20 20 20 20 20 20 1473 1f 20 20 20 20 20 20 10b4 1286
1478 163f 1c 20 20 20 20 20 20 20 20 20 10b9 1f 20 20
20 20 20 20 1473 1f 20 20 20 20 20 20 10b4 12b3 1478 162d
1ade 1b 20 20 20 20 20 20 20 20 20 10b9 1f 20 20 20
20 20 20 1473 1f 20 20 20 20 20 20 20 20 20 20 20
20 20 20 20 20 20 20 20 20 20 20 20 20 20 20 20
20 20 20 20 20 20 20 20 20 20 20 20 20 20 20 20
20 20 20 20 1470 1f 20 20 20 20 20 20 20 20 20 20
20 20 20 20 20 20 1478 161c 1e 20 20 20 160c 1f 20 20
20 16fd 1700 1e 20 20 20 16ef 1a2d 1e 20 20 20 20 20 20
20 20 20 20 20 20 20 20 20 20 1473 1f 20 10b4 1f 20
20 20 20 20 20 20 20 20 10b0 1f 20 20 20 20 20 20
20 20 20 20 20 20 20 20 20 20 20 20 1a93 1f 20 20
20 20 20 20 20 20 20 20 20 20 20 20 20 20 20 20
20 20 20 1470 1f 10b4 12c9 1e 20 20 20 20 20 20 20 20
20 10b9 1f 20 20 20 20 20 20 20 20 20 20 20 20 20
10b4 12a9 1478 16fd 1a96 1b00 1a 20 20 20 20 20 20 20 20 20
10b9 1f 20 20 20 20 20 20 1473 1f 20 20 20 20 20 20
10b4 12c9 1e 20 20 20 20 20 20 20 20 20 10b9 1f 20 20
20 20 20 20 20 20 20 20 20 20 10b4 1478 162d 1701 1aa9 1b
20 20 20 20 20 20 20 20 20 10b9 1f 20 20 20 20 20
20 1473 1f 20 20 20 20 20 20 10b4 12fd 1e 20 20 20 20
20 20 20 20 20 10b9 1f 20 20 20 20 20 20 20 20 20
20 20 20 20 10b4 1478 1652 1ac9 1c 20 20 20 20 20 20 20
20 20 10b9 1f 20 20 20 20 20 20 1473 1f 20 20 20 20
20 10b4 122d 1301 1d 20 20 20 20 20 20 20 20 20 10b9 1f
20 20 20 20 20 20 20 20 20 20 20 20 20 10b4 1478 1693
1afd 1c 20 20 20 20 20 20 20 20 20 10b9 1f 20 20 20
20 20 20 1473 1f 20 20 20 20 20 20 10b4 1252 1e 20 20
20 20 20 20 20 20 20 10b9 1f 20 20 20 20 20 20 20
20 20 20 20 20 10b4 1478 16aa 1a3f 1b01 1b 20 20 20 20 20
20 20 20 20 10b9 1f 20 20 20 20 20 20 1473 1f 20 20
20 20 20 20 1478 16c4 1e 20 20 20 20 20 20 20 20 20
20 190f 1f 194f 1f 190f 1f 194f 1f 190f 1f 194f 1f 1473 1f 20
20 20 20 20 20 1478 16fb 1e 20 20 20 20 20 20 20 20
20 20 20 20 20 20 20 20 1473 1f 20 20 20 20 20 20
1478 16aa 1e 20 20 20 20 20 20 20 20 20 10b4 1f 20 20
20 20 20 20 1473 1f 20 20 10b0 1f 20 20 10b4 122d 1478 16c4
1ac4 1b 20 20 20 20 20 20 20 20 20 10b9 1f 20 20 20
20 20 20 1473 1f 20 20 20 20 20 20 1478 1693 1e 20 20
20 20 20 20 20 20 20 20 20 20 20 20 20 20 1473 1f
20 20 20 20 20 20 1478 1667 1a67 1d 20 20 20 20 20 20
20 20 20 20 20 20 20 20 20 20 1473 1f 20 20 20 20
20 1478 16c4 1e 20 20 20 20 20 20 20 20 20 10b4 1f 20
20 20 20 20 20 1473 1f 20 20 10b0 1f 20 20 20 10b4 1252
1478 1652 1a52 1b 20 20 20 20 20 20 20 20 20 10b9 1f 20
20 20 20 20 20 1473 1f 20 20 20 20 20 20 1ae1 1b00 1e
20 20 20 20 20 20 20 20 20 20 20 20 20 20 20 20
20 20 20 20 20 20 1aa9 1f 20 20 20 20 20 20 20 20
20 20 20 20 20 20 20 20 20 20 20 20 20 20 20 1470
1ae1 1e 20 20 20 20 20 20 20 20 20 20 20 20 20 20
20 20 20 20 20 20 20 20 20 1a96 1f 20 20 20 20 20
20 20 20 20 20 20 20 20 20 20 20 20 20 20 20 20
20 1ae1 1f 20 20 20 20 20 20 20 20 20 20 20 20 20
20 20 20 20 20 20 20 20 20 20 1aa9 1f 20 20 10b4 1f
20 20 20 20 20 20 20 20 20 10b0 1f 20 20 20 20 20
20 20 20 20 20 1ae1 1f 20 20 20 20 20 20 20 20 20
20 20 20 20 20 20 20 20 20 20 20 20 20 1a52 1b01 1e
20 20 20 20 20 20 20 20 20 20 20 20 20 20 20 20
20 20 20 20 20 20 20 1ae1 1b00 1e 20 20 20 20 20 20
20 20 20 20 20 20 20 20 20 20 20 20 20 20 20 20
20 1aa9 1f 20 20 20 20 20 20 20 20 20 20 20 20 20
20 20 20 20 20 20 20 20 20 1ae1 1f 20 20 20 20 20
20 20 20 20 20 20 20 20 20 20 20 20 20 20 20 20
20 20 1a96 1f 20 20 20 20 20 20 20 20 20 20 20 20
20 20 20 20 20 20 20 20 20 20 20 1ae1 1f 20 20 20
20 20 20 20 20 20 20 20 20 20 20 20 20 20 20 20
20 20 20 20 1aa9 1f 20 20 20 20 20 20 20 20 20 20
20 20 20 20 20 20 20 20 20 20 20 20 1ae1 1f 20 20
20 20 20 20 20 20 20 20 20 20 20 20 20 20 20 20
20 20 20 20 20 10b4 12e1 1300 1478 160c 1a52 1b01 19 20 20 20
20 20 20 20 20 20 10b9 1f 20 20 20 20 20 20 1473 1f
20 20 20 20 20 20 10b4 1286 1ae1 1b00 1c 20 20 20 20 20
20 20 20 20 10b9 1f 20 20 20 20 20 20 20 20 20 20
20 20 10b4 1296 1478 16fd 1700 1aa9 1a 20 20 20 20 20 20 20
20 20 10b9 1f 20 20 20 20 20 20 1473 1f 20 20 20 190f
1f 194f 1f 190f 1f 194f 10b4 12a9 1ae1 1c 190f 1f 194f 1f 20 20
20 20 20 20 20 10b9 1f 20 20 20 20 20 20 20 20 20
20 20 20 20 10b4 12b3 1478 16e1 1aa9 1b 20 20 20 20 20 20
20 20 20 10b9 1f 20 20 20 20 20 20 1473 1f 20 20 20
20 20 10b4 12a9 1ae1 1d 20 20 20 20 20 20 20 20 20 10b9
1f 20 20 20 20 20 20 20 20 20 20 20 20 20 10b4 120c
1301 1aa9 1c 20 20 20 20 20 20 20 20 20 10b9 1f 20 20
20 20 20 20 20 20 20 20 20 20 1470 1f 10b4 12c9 1300 1ae1
1c 20 20 20 20 20 20 20 20 20 10b9 1f 20 20 20 20
20 20 20 20 20 20 20 20 10b4 12e1 1478 162d 1701 1a67 1b01 19
20 20 20 20 20 20 20 20 20 10b9 1f 20 20 20 20 20
20 1473 1f 20 20 20 20 20 20 1ae1 1b00 1e 20 20 20 20
20 20 20 20 20 20 20 20 20 20 20 20 20 20 20 20
20 20 20 10b4 1ab3 1e 20 20 20 20 20 20 20 20 20 10b9
1f 20 20 20 20 20 20 20 20 20 20 20 20 1470 1ae1 1e
20 20 20 20 20 20 20 20 20 20 20 20 20 20 20 20
20 20 20 20 20 20 20 10b4 122d 1301 1ab3 1c 20 20 20 20
20 20 20 20 20 10b9 1f 20 20 20 20 20 20 20 20 20
20 20 20 20 1ae1 1f 20 20 20 20 20 20 20 20 20 20
20 20 20 20 20 20 20 20 20 20 20 20 10b4 12c9 1300 1ab3
1c 20 20 20 20 20 20 20 20 20 10b9 1f 20 20 20 20
20 20 20 20 20 20 20 20 20 1ae1 1f 20 20 20 20 20
20 20 20 20 20 20 20 20 20 20 20 20 20 20 20 20
20 20 10b4 12e1 1478 1a7c 1b01 1b 20 20 20 20 20 20 20 20
20 10b9 1f 20 20 20 20 20 20 1473 1f 20 20 20 20 20
20 1ae1 1b00 1e 20 20 20 20 20 20 20 20 20 20 20 20
20 20 20 20 20 20 20 20 20 20 1abe 1f 20 20 20 20
20 20 20 20 20 20 20 20 20 20 20 20 20 10b4 1f 20
20 20 20 20 1470 1ae1 1e 20 20 20 20 20 20 20 20 20
10b9 1f 20 20 20 20 20 20 20 20 20 20 20 20 20 10b4
122d 1301 1abe 1c 20 20 20 20 20 20 20 20 20 10b9 1f 20
20 20 20 20 20 20 20 20 20 20 20 1ae1 1f 20 20 20
20 20 20 20 20 20 20 20 20 20 20 20 20 20 20 20
20 20 20 20 10b4 12c9 1300 1abe 1c 20 20 20 20 20 20 20
20 20 10b9 1f 20 20 20 20 20 20 20 20 20 20 20 20
20 10b4 12e1 1ae1 1d 20 20 20 20 20 20 20 20 20 10b9 1f
20 20 20 20 20 20 20 20 20 20 20 20 10b4 12fd 1478 1667
1a93 1b01 1a 20 20 20 20 20 20 20 20 20 10b9 1f 20 20
20 20 20 20 1473 1f 20 20 20 20 20 20 1afd 1b00 1e 20
20 20 20 20 20 20 20 20 20 20 20 20 20 20 20 20
20 20 20 20 20 20 10b4 1252 1301 1470 1ac9 1b 20 20 20 20
20 20 20 20 20 10b9 1f 20 20 20 20 20 20 20 20 20
20 20 20 1afd 1f 20 20 20 20 20 20 20 20 20 20 20
20 20 20 20 20 20 20 20 20 20 20 20 1ac9 1f 20 20
20 20 190f 1f 194f 1f 190f 1f 194f 1f 190f 1f 194f 1f 20 20
20 20 20 20 20 20 20 20 20 20 20 1afd 1f 20 20 20
20 20 20 20 20 20 10b4 1f 20 20 20 20 20 20 20 20
20 10b0 1f 20 20 10b4 1ac9 1e 20 20 20 20 20 20 20 20
20 10b9 1f 20 20 20 20 20 20 20 20 20 20 20 20 20
10b4 122d 1afd 1d 20 20 20 20 20 20 20 20 20 10b9 1f 20
20 20 20 20 20 20 20 20 20 20 20 20 10b4 121c 1478 1652
1aaa 1b01 1a 20 20 20 20 20 20 20 20 20 10b9 1f 20 20
20 20 20 20 1473 1f 20 20 20 20 20 1a1c 1f 20 20 20
20 20 20 20 20 20 20 20 20 20 20 20 20 20 20 20
20 20 20 20 1ad5 1b00 1e 20 20 20 20 20 20 20 20 20
20 20 20 20 1470 1f 20 20 20 10b4 1f 20 20 20 20 20
1478 1a1c 1b01 1d 20 20 20 20 20 20 20 20 20 10b9 1f 20
20 20 20 20 20 1473 1f 20 20 20 20 20 20 10b4 12fd 1300
1478 162d 1ad5 1b00 19 20 20 20 20 20 20 20 20 20 10b9 1f
20 20 20 20 20 20 1473 1f 20 20 20 20 20 10b4 121c 1301
1478 1652 1a1c 1b01 19 20 20 20 20 20 20 20 20 20 10b9 1f
20 20 20 20 20 20 1473 1f 20 20 20 20 20 20 10b4 122d
1ad5 1b00 1c 20 20 20 20 20 20 20 20 20 10b9 1f 20 20
20 20 20 20 20 20 20 20 20 20 20 10b4 121c 1a1c 1b01 1c
20 20 20 20 20 20 20 20 20 10b9 1f 20 20 1470 1f 20
20 20 20 20 20 20 20 20 10b4 12e1 1300 1478 160c 1ac4 1a 20
20 20 20 20 20 20 20 20 10b9 1f 20 20 20 20 20 20
1473 1f 20 20 20 20 20 20 1a0c 1f 20 20 20 20 20 20
20 20 20 20 20 20 20 20 20 20 20 20 20 20 20 20
20 1478 162d 1ae1 1b00 1c 20 20 20 20 20 20 20 20 20 20
20 20 20 20 20 20 1473 1f 20 20 20 20 20 1a0c 1b01 1e
20 20 20 20 20 20 20 20 20 10b4 1f 20 20 20 20 20
20 20 20 20 10b0 1f 20 20 20 10b4 120c 1301 1478 1652 1ae1 1b00
19 20 20 20 20 20 20 20 20 20 10b9 1f 20 20 20 20
20 20 1473 1f 20 20 20 20 20 20 1a0c 1b01 1e 20 20 20
20 20 20 20 20 20 20 20 20 20 20 20 20 20 20 20
20 20 20 10b4 12ef 1300 1ae1 1b00 1b 20 20 20 20 20 20 20
20 20 10b9 1f 20 20 20 20 20 20 20 20 20 20 20 20
1470 1f 10b4 12e1 1a0c 1b01 1c 20 20 20 20 20 20 20 20 20
10b9 1f 20 20 20 20 20 20 20 20 20 20 20 20 20 10b4
12ef 1478 162d 1ade 1b 20 20 20 20 20 20 20 20 20 10b9 1f
20 20 20 20 20 20 1473 1f 20 20 20 20 20 1a2d 1f 20
20 20 20 20 20 20 20 20 20 20 20 20 20 20 20 20
20 20 20 20 20 20 10b4 12a9 1478 160c 1aef 1b00 1a 20 20 20
20 20 20 20 20 20 10b9 1f 20 20 20 20 20 20 1473 1f
20 20 20 20 20 20 1a2d 1b01 1e 20 20 20 20 20 20 20
20 20 20 20 20 20 20 20 20 20 20 20 20 20 20 10b4
12b3 1478 16ef 1700 1aef 1b00 19 20 20 20 20 20 20 20 20 20
10b9 1f 20 20 20 20 20 20 1473 1f 20 20 20 20 20 20
1a2d 1b01 1e 20 20 20 20 20 20 20 20 20 20 20 20 20
20 20 20 190f 1f 194f 1f 190f 1f 194f 1f 190f 1f 194f 1f 190f
1f 194f 10b4 12a9 1478 16c9 1aef 1b00 19 190f 1f 194f 1f 20 20 20
20 20 20 20 10b9 1f 20 20 20 20 20 20 1473 1f 20 20
20 20 20 20 1a2d 1b01 1e 20 20 20 20 20 20 20 20 20
20 20 20 20 20 20 20 20 20 20 20 20 20 10b4 1296 1478
16a9 1ac4 1b 20 20 20 20 20 20 20 20 20 10b9 1f 20 20
20 20 20 20 1473 1f 20 20 20 20 20 20 1a2d 1f 20 20
20 20 20 20 20 20 20 20 20 20 20 20 20 20 20 20
20 20 20 20 20 1478 16b3 1ae1 1b00 1c 20 20 20 20 20 20
20 20 20 20 20 20 20 20 20 20 1473 1f 20 20 20 20
20 1478 16c9 1a2d 1b01 1c 20 20 20 20 20 20 20 20 20 20
20 20 20 20 20 20 1473 1f 20 20 20 20 20 20 1478 16e1
1afb 1d 20 20 20 20 20 20 20 20 20 20 20 20 20 20
20 20 1473 1f 10b4 1f 20 20 20 20 20 1a2d 1f 20 20 20
10b0 1f 20 20 20 20 20 20 20 20 20 20 20 20 20 20
20 20 20 20 1478 16fd 1afd 1b00 1c 20 20 20 20 20 20 20
20 20 20 20 20 20 20 20 20 1473 1f 20 20 20 20 20
20 1a2d 1b01 1e 20 20 20 20 20 20 20 20 20 20 20 20
20 20 20 20 20 20 20 20 20 20 20 10b4 1286 1478 16e1 1a52
1b 20 20 20 20 20 20 20 20 20 10b9 1f 20 20 20 20
20 20 1473 1f 20 20 20 20 20 1ae1 1b00 1e 20 20 20 20
20 20 20 20 20 20 20 20 20 20 20 20 20 20 20 20
20 20 20 1aa9 1f 20 20 20 20 20 20 20 20 20 20 20
20 20 1470 1f 20 20 20 10b4 1f 20 20 20 20 20 1478 1ae1
1e 20 20 20 20 20 20 20 20 20 10b9 1f 20 20 20 20
20 20 1473 1f 20 20 20 20 20 10b4 12e1 1478 160c 1701 1aa9 1a
20 20 20 20 20 20 20 20 20 10b9 1f 20 20 20 20 20
20 1473 1f 20 20 20 20 20 20 1ae1 1f 20 20 20 20 20
20 20 20 20 20 20 20 20 20 20 20 20 20 20 20 20
20 20 10b4 12b3 1478 162d 1aa9 1b 20 20 20 20 20 20 20 20
20 10b9 1f 20 20 20 20 20 20 1473 1f 20 20 20 20 20
1ae1 1f 20 20 20 20 20 20 20 20 20 20 20 20 20 20
20 20 20 20 20 20 20 20 20 10b4 12a9 1478 16fd 1700 1a2d 1b01
19 20 20 20 20 20 20 20 20 20 10b9 1f 20 20 20 20
20 20 1473 1f 20 20 20 20 20 20 1ac9 1b00 1e 20 20 20
20 20 20 20 20 20 20 20 20 20 20 20 20 20 20 20
20 20 20 20 1aa9 1f 20 20 20 20 20 20 20 20 20 20
20 20 20 20 20 20 20 20 20 20 20 1470 1f 1ac9 1f 20
20 20 20 20 20 20 20 20 10b4 1f 20 20 20 20 20 20
20 20 20 10b0 1f 20 20 20 10b4 12b3 1478 16e1 1aa9 1b 20 20
20 20 20 20 20 20 20 10b9 1f 20 20 20 20 20 20 1473
1f 20 20 20 20 20 20 1ac9 1f 20 20 20 20 20 20 20
20 20 20 20 20 20 20 20 20 20 20 20 20 20 20 10b4
12c9 1478 16fd 1aa9 1b 20 20 20 20 20 20 20 20 20 10b9 1f
20 20 20 20 20 20 1473 1f 20 20 20 20 20 20 1ac9 1f
20 20 20 20 190f 1f 194f 1f 190f 1f 194f 1f 190f 1f 194f 1f
190f 1f 194f 1f 20 20 20 20 20 20 20 20 20 20 20 10b4
12e1 1478 160c 1701 1a67 1b01 19 190f 1f 194f 1f 20 20 20 20 20
20 20 10b9 1f 20 20 20 20 20 20 1473 1f 20 20 20 20
20 1a0c 1f 20 20 20 20 20 20 20 20 20 20 20 20 20
20 20 20 20 20 20 20 20 20 20 1ab3 1b00 1e 20 20 20
20 20 20 20 20 20 20 20 20 20 20 20 20 20 20 20
20 20 20 20 1470 1a0c 1b01 1d 20 20 20 20 20 20 20 20
20 20 20 20 20 20 20 20 20 20 20 20 20 20 1ab3 1b00
1e 20 10b4 1f 20 20 20 20 20 20 20 20 20 10b0 1f 20
20 20 20 20 20 20 20 20 20 20 10b4 1a0c 1b01 1d 20 20
20 20 20 20 20 20 20 10b9 1f 20 20 20 20 20 20 20
20 20 20 20 20 20 10b4 12c9 1ab3 1b00 1c 20 20 20 20 20
20 20 20 20 10b9 1f 20 20 20 20 20 20 20 20 20 20
20 20 10b4 12b3 1a0c 1b01 1c 20 20 20 20 20 20 20 20 20
10b9 1f 20 20 20 20 20 20 20 20 20 20 20 20 20 10b4
1478 1a93 1d 20 20 20 20 20 20 20 20 20 10b9 1f 20 20
20 20 20 20 1473 1f 20 20 20 20 20 20 1a0c 1f 20 20
20 20 20 20 20 20 20 20 20 20 20 20 20 20 20 20
20 20 20 20 10b4 12a9 1ac9 1b00 1c 20 20 20 20 20 20 20
20 20 10b9 1f 20 20 20 20 20 20 20 20 20 20 20 20
20 1470 1a0c 1b01 1d 20 20 20 20 20 20 20 20 20 20 20
20 20 20 20 20 20 20 20 20 20 20 20 10b4 120c 1301 1ac9
1b00 1b 20 20 20 20 20 20 20 20 20 10b9 1f 20 20 20
20 20 20 20 20 20 20 20 20 20 1a0c 1b01 1e 20 20 20
20 20 20 20 20 20 20 20 20 20 20 20 20 20 20 20
20 20 20 10b4 12fd 1300 1478 1652 1ac9 1b00 19 20 20 20 20 20
20 20 20 20 10b9 1f 20 20 20 20 20 20 1473 1f 20 20
20 20 20 20 1afd 1f 20 20 20 20 20 20 20 20 20 20
20 20 20 20 20 20 20 20 20 20 20 20 20 10b4 12e1 1478
160c 1a67 1b01 1a 20 20 20 20 20 20 20 20 20 10b9 1f 20
20 20 20 20 20 1473 1f 20 20 20 20 20 1a0c 1f 20 20
20 20 20 20 20 20 20 20 20 20 20 20 20 20 20 20
20 20 20 20 20 1ab3 1b00 1e 20 20 20 20 20 20 20 20
20 20 20 20 20 20 20 20 20 20 20 20 20 20 20 1470
1a0c 1b01 1d 20 20 20 20 20 20 20 20 20 20 20 20 20
20 20 20 20 20 20 20 20 20 1ab3 1b00 1e 20 20 20 20
20 20 20 20 20 20 20 20 20 20 20 20 20 20 20 20
20 20 20 1a0c 1b01 1e 20 20 20 20 20 20 20 20 20 20
20 20 20 20 20 20 20 20 20 20 20 20 20 1ab3 1b00 1e
20 20 10b4 1f 20 20 20 20 20 20 20 20 20 10b0 1f 20
20 20 20 20 20 20 20 20 1a0c 1b01 1e 20 20 20 20 20
20 20 20 20 20 20 20 20 20 20 20 20 20 20 20 20
20 20 1a7c 1f 20 20 20 20 190f 1f 194f 1f 190f 1f 194f 1f
190f 1f 194f 1f 20 20 20 20 20 20 20 20 20 20 20 20
20 10b4 120c 1301 1a0c 1c 190f 1f 194f 1f 20 20 20 20 20 20
20 10b9 1f 20 20 20 20 20 20 20 20 20 20 20 20 10b4
12fd 1300 1478 162d 1abe 1b00 19 20 20 20 20 20 20 20 20 20
10b9 1f 20 20 20 20 20 20 1473 1f 20 20 20 20 20 20
10b4 120c 1301 1a0c 1b01 1b 20 20 20 20 20 20 20 20 20 10b9
1f 20 20 20 20 20 20 20 20 20 20 20 20 20 10b4 12c9
1300 1478 163f 1a93 1a 20 20 20 20 20 20 20 20 20 10b9 1f
20 20 20 20 20 20 1473 1f 20 20 20 20 20 10b4 12e1 1a0c
1d 20 20 20 20 20 20 20 20 20 10b9 1f 20 20 20 20
20 20 20 20 20 20 20 20 20 10b4 12fd 1478 1667 1ac9 1b00 1a
20 20 20 20 20 20 20 20 20 10b9 1f 20 20 20 20 20
20 1473 1f 20 20 20 20 20 20 10b4 120c 1301 1478 163f 1a0c 1b01
19 20 20 20 20 20 20 20 20 20 10b9 1f 20 20 20 20
20 20 1473 1f 20 20 20 20 20 20 10b4 1478 162d 1a93 1c 20
20 20 20 20 20 20 20 20 10b9 1f 20 20 20 20 20 20
1473 1f 20 20 20 20 20 10b4 12fd 1300 1afd 1b00 1b 20 20 20
20 20 20 20 20 20 10b9 1f 20 20 20 20 20 20 20 20
20 20 20 20 20 10b4 122d 1301 1ac9 1c 20 20 20 20 20 20
20 20 20 10b9 1f 20 20 20 20 20 20 20 20 20 20 20
20 20 1470 1afd 1e 20 20 20 20 20 20 20 20 20 20 20
20 20 20 20 20 20 20 20 20 20 20 1ac9 1f 20 20 20
20 20 20 20 20 20 20 20 20 20 20 20 20 20 20 20
20 20 20 20 1afd 1f 20 20 20 20 20 20 20 20 20 20
20 20 20 20 20 20 20 20 20 20 20 20 20 1ac9 1f 20
20 20 20 20 20 20 20 20 20 20 20 20 20 20 20 20
10b4 1f 20 20 20 20 1afd 1f 20 20 20 20 10b0 1f 20 20
20 20 20 20 20 20 20 20 20 20 20 20 20 20 20 20
1aaa 1b01 1e 20 20 20 20 20 20 20 20 20 20 20 20 20
20 20 20 20 20 20 20 20 20 20 10b4 12fd 1300 1478 1afd 1b00
1a 20 20 20 20 20 20 20 20 20 10b9 1f 20 20 20 20
20 20 1473 1f 20 20 20 20 20 10b4 12e1 1ad5 1d 20 20 20
20 20 20 20 20 20 10b9 1f 20 20 20 20 20 20 20 20
20 20 20 20 20 10b4 12fd 1afd 1d 20 20 20 20 20 20 20
20 20 10b9 1f 20 20 20 1470 1f 20 20 20 20 20 20 20
20 20 10b4 12a9 1478 1652 1ad5 1b 20 20 20 20 20 20 20 20
20 10b9 1f 20 20 20 20 20 20 1473 1f 20 20 20 20 20
10b4 12fd 1afd 1d 20 20 20 20 20 20 20 20 20 10b9 1f 20
20 20 20 20 20 20 20 20 20 20 20 20 10b4 12e1 1478 162d
1ad5 1b 20 20 20 20 20 20 20 20 20 10b9 1f 20 20 20
20 20 20 1473 1f 20 20 20 20 20 20 10b4 12fd 1afd 1d 20
20 20 20 20 20 20 20 20 10b9 1f 20 20 20 20 20 20
20 20 20 20 20 20 10b4 120c 1301 1478 1652 1a52 1b01 19 20 20
20 20 20 20 20 20 20 10b9 1f 20 20 20 20 20 20 1473
1f 20 20 20 20 20 20 1478 1619 1702 1d 20 20 20 20 20
20 20 20 20 20 20 20 20 20 20 20 1473 1f 20 20 20
20 20 20 1478 16fb 1701 1a67 1c 20 20 190f 1f 194f 1f 190f 1f
194f 1f 190f 1f 194f 1f 20 20 20 20 20 20 20 20 1473 1f
20 20 20 20 20 20 1478 16c4 1e 20 20 20 20 20 20 20
20 20 20 20 20 20 20 20 20 1473 1f 20 20 20 20 20
1478 1693 1a93 1d 20 10b4 1f 20 20 20 20 20 20 20 20 20
10b0 1f 20 20 20 20 1473 1f 20 20 20 20 20 20 10b4 12e1
1300 1478 1667 1b 20 20 20 20 20 20 20 20 20 10b9 1f 20
20 20 20 20 20 1473 1f 20 20 20 20 20 20 10b4 12a9 1478
1652 1ac4 1b 20 20 20 20 20 20 20 20 20 10b9 1f 20 20
20 20 20 20 1473 1f 20 20 20 20 20 10b4 1286 1478 163f 1c
20 20 20 20 20 20 20 20 20 10b9 1f 20 20 20 20 20
20 1473 1f 20 20 20 20 20 20 10b4 12b3 1478 162d 1ade 1b 20
20 20 20 20 20 20 20 20 10b9 1f 20 20 20 20 20 20
1473 1f 20 20 20 20 20 20 20 20 20 20 20 20 20 20
20 20 20 20 20 20 20 20 20 20 20 20 20 20 20 20
20 20 20 20 20 20 20 20 20 20 20 20 20 20 20 20
20 1470 1f 20 20 20 20 20 20 20 20 20 20 20 20 20
20 20 20 20 1478 161c 1e 20 20 20 160c 1f 20 20 20 16fd
1700 1e 20 20 20 16ef 1a2d 1e 20 20 20 20 20 20 20 20
20 20 20 20 20 20 20 20 1473 1f 10b4 1f 20 20 20 20
20 20 20 20 20 10b0 1f 20 20 20 20 20 20 20 20 20
20 20 20 20 20 20 20 20 20 1a93 1f 20 20 20 20 20
20 20 20 20 20 20 20 20 20 20 20 20 20 20 20 20
20 1470 1f 10b4 12c9 1e 20 20 20 20 20 20 20 20 20 10b9
1f 20 20 20 20 20 20 20 20 20 20 20 20 10b4 12a9 1478
16fd 1a96 1b00 1a 20 20 20 20 20 20 20 20 20 10b9 1f 20
20 20 20 20 20 1473 1f 20 20 20 20 20 20 10b4 12c9 1e
20 20 20 20 20 20 20 20 20 10b9 1f 20 20 20 20 20
20 20 20 20 20 20 20 20 10b4 1478 162d 1701 1aa9 1b 20 20
20 20 20 20 20 20 20 10b9 1f 20 20 20 20 20 20 1473
1f 20 20 20 20 20 10b4 12fd 1e 20 20 20 20 20 20 20
20 20 10b9 1f 20 20 20 20 20 20 20 20 20 20 20 20
20 10b4 1478 1652 1ac9 1c 20 20 20 20 20 20 20 20 20 10b9
1f 20 20 20 20 20 20 1473 1f 20 20 20 20 20 20 10b4
122d 1301 1d 20 20 20 20 20 20 20 20 20 10b9 1f 20 20
20 20 20 20 20 20 20 20 20 20 20 10b4 1478 1693 1afd 1c
20 20 20 20 20 20 20 20 20 10b9 1f 20 20 20 20 20
20 1473 1f 20 20 20 20 20 10b4 1252 1e 20 20 20 20 20
20 20 20 20 10b9 1f 20 20 20 20 20 20 20 20 20 20
20 20 20 10b4 1478 16aa 1a3f 1b01 1b 20 20 20 20 20 20 20
20 20 10b9 1f 20 20 20 20 20 20 1473 1f 20 20 20 20
20 20 1478 16c4 1e 20 20 20 20 20 20 20 20 20 20 20
20 20 20 20 20 1473 1f 20 20 20 20 20 1478 16fb 1e 20
20 20 20 20 20 20 20 20 20 20 20 20 20 20 20 1473
1f 20 20 20 20 20 20 1478 16aa 1e 20 20 20 20 20 20
20 20 20 10b4 1f 190f 1f 194f 1f 190f 1f 194f 1f 190f 1f 194f
1f 190f 1473 1e 194f 1f 20 10b0 1f 20 20 20 10b4 122d 1478 16c4
1ac4 1b 190f 1f 194f 1f 20 20 20 20 20 20 20 10b9 1f 20
20 20 20 20 20 1473 1f 20 20 20 20 20 1478 1693 1e 20
20 20 20 20 20 20 20 20 20 20 20 20 20 20 20 1473
1f 20 20 20 20 20 20 1478 1667 1a67 1d 20 20 20 20 20
20 20 20 20 20 20 20 20 20 20 20 1473 1f 20 20 20
20 20 20 1478 16c4 1e 20 20 20 20 20 20 20 20 20 10b4
1f 20 20 20 20 20 20 1473 1f 20 20 10b0 1f 20 20 10b4
1252 1478 1652 1a52 1b 20 20 20 20 20 20 20 20 20 10b9 1f
20 20 20 20 20 20 1473 1f 20 20 20 20 20 20 1ae1 1b00
1e 20 20 20 20 20 20 20 20 20 20 20 20 20 20 20
20 20 20 20 20 20 20 20 1aa9 1f 20 20 20 20 20 20
20 20 20 20 20 20 20 20 20 20 20 20 20 20 20 20
1470 1ae1 1e 20 20 20 20 20 20 20 20 20 20 20 20 20
20 20 20 20 20 20 20 20 20 20 1a96 1f 20 20 20 20
20 20 20 20 20 20 20 20 20 20 20 20 20 20 20 20
20 20 20 1ae1 1f 20 20 20 20 20 20 20 20 20 20 20
20 20 20 20 20 20 20 20 20 20 20 1aa9 1f 20 20 20
10b4 1f 20 20 20 20 20 20 20 20 20 10b0 1f 20 20 20
20 20 20 20 20 20 1ae1 1f 20 20 20 20 20 20 20 20
20 20 20 20 20 20 20 20 20 20 20 20 20 20 20 1a52
1b01 1e 20 20 20 20 20 20 20 20 20 20 20 20 20 20
20 20 20 20 20 20 20 20 20 1ae1 1b00 1e 20 20 20 20
20 20 20 20 20 20 20 20 20 20 20 20 20 20 20 20
20 20 1aa9 1f 20 20 20 20 20 20 20 20 20 20 20 20
20 20 20 20 20 20 20 20 20 20 20 1ae1 1f 20 20 20
20 20 20 20 20 20 20 20 20 20 20 20 20 20 20 20
20 20 20 20 1a96 1f 20 20 20 20 20 20 20 20 20 20
20 20 20 20 20 20 20 20 20 20 20 20 1ae1 1f 20 20
20 20 20 20 20 20 20 20 20 20 20 20 20 20 20 20
20 20 20 20 20 1aa9 1f 20 20 20 20 20 20 20 20 20
20 20 20 20 20 20 20 20 20 20 20 20 20 20 1ae1 1f
20 20 20 20 20 20 20 20 20 20 20 20 20 20 20 20
20 20 20 20 20 20 10b4 12e1 1300 1478 160c 1a52 1b01 19 20 20
20 20 20 20 20 20 20 10b9 1f 20 20 20 20 20 20 1473
1f 20 20 20 20 20 20 10b4 1286 1ae1 1b00 1c 20 20 20 20
20 20 20 20 20 10b9 1f 20 20 20 20 20 20 20 20 20
20 20 20 20 10b4 1296 1478 16fd 1700 1aa9 1a 20 20 20 20 20
20 20 20 20 10b9 1f 20 20 20 20 20 20 1473 1f 20 20
20 20 20 10b4 12a9 1ae1 1d 20 20 20 20 20 20 20 20 20
10b9 1f 20 20 20 20 20 20 20 20 20 20 20 20 20 10b4
12b3 1478 16e1 1aa9 1b 20 20 20 20 20 20 20 20 20 10b9 1f
20 20 20 20 20 20 1473 1f 20 20 20 20 20 190f 1f 194f
10b4 12a9 1ae1 1c 190f 1f 194f 1f 190f 1f 194f 1f 20 20 20 20
20 10b9 1f 20 20 20 20 20 20 20 20 20 20 20 20 10b4
120c 1301 1aa9 1c 20 20 20 20 20 20 20 20 20 10b9 1f 20
20 20 20 20 20 20 20 20 20 20 20 1470 1f 10b4 12c9 1300
1ae1 1c 20 20 20 20 20 20 20 20 20 10b9 1f 20 20 20
20 20 20 20 20 20 20 20 20 20 10b4 12e1 1478 162d 1701 1a67
1b01 19 20 20 20 20 20 20 20 20 20 10b9 1f 20 20 20
20 20 20 1473 1f 20 20 20 20 20 1ae1 1b00 1e 20 20 20
20 20 20 20 20 20 20 20 20 20 20 20 20 20 20 20
20 20 20 20 10b4 1ab3 1e 20 20 20 20 20 20 20 20 20
10b9 1f 20 20 20 20 20 20 20 20 20 20 20 20 20 1470
1ae1 1e 20 20 20 20 20 20 20 20 20 20 20 20 20 20
20 20 20 20 20 20 20 20 20 10b4 122d 1301 1ab3 1c 20 20
20 20 20 20 20 20 20 10b9 1f 20 20 20 20 20 20 20
20 20 20 20 20 1ae1 1f 20 20 20 20 20 20 20 20 20
20 20 20 20 20 20 20 20 20 20 20 20 20 20 10b4 12c9
1300 1ab3 1c 20 20 20 20 20 20 20 20 20 10b9 1f 20 20
20 20 20 20 20 20 20 20 20 20 20 1ae1 1f 20 20 20
20 20 20 20 20 20 20 20 20 20 20 20 20 20 20 20
20 20 20 10b4 12e1 1478 1a7c 1b01 1b 20 20 20 20 20 20 20
20 20 10b9 1f 20 20 20 20 20 20 1473 1f 20 20 20 20
20 20 1ae1 1b00 1e 20 20 20 20 20 20 20 20 20 20 20
20 20 20 20 20 20 20 20 20 20 20 20 1abe 1f 20 20
20 20 20 20 20 20 20 20 20 20 20 20 20 20 20 10b4
1f 20 20 20 20 1470 1ae1 1e 20 20 20 20 20 20 20 20
20 10b9 1f 20 20 20 20 20 20 20 20 20 20 20 20 20
10b4 122d 1301 1abe 1c 20 20 20 20 20 20 20 20 20 10b9 1f
20 20 20 20 20 20 20 20 20 20 20 20 20 1ae1 1f 20
20 20 20 20 20 20 20 20 20 20 20 20 20 20 20 20
20 20 20 20 20 10b4 12c9 1300 1abe 1c 20 20 20 20 20 20
20 20 20 10b9 1f 20 20 20 20 20 20 20 20 20 20 20
20 20 10b4 12e1 1ae1 1d 20 20 20 20 20 20 20 20 20 10b9
1f 20 20 20 20 20 20 20 20 20 20 20 20 20 10b4 12fd
1478 1667 1a93 1b01 1a 20 20 20 20 20 20 20 20 20 10b9 1f
20 20 20 20 20 20 1473 1f 20 20 20 20 20 1afd 1b00 1e
20 20 20 20 20 20 20 20 20 20 20 20 20 20 20 20
20 20 20 20 20 20 20 10b4 1252 1301 1470 1ac9 1b 20 20 20
20 20 20 20 20 20 10b9 1f 20 20 20 20 20 20 20 20
20 20 20 20 20 1afd 1f 20 20 20 20 20 20 20 20 20
20 20 20 20 20 20 20 20 20 20 20 20 20 1ac9 1f 20
20 20 20 20 20 20 20 20 20 20 20 20 20 20 20 20
20 20 20 20 20 20 1afd 1f 20 20 20 20 20 20 20 20
20 10b4 1f 20 20 20 20 20 20 20 20 20 10b0 1f 20 20
20 10b4 1ac9 1e 20 20 20 20 190f 1f 194f 1f 190f 1f 194f 1f
190f 1f 194f 10b9 1e 20 20 20 20 20 20 20 20 20 20 20
20 20 10b4 122d 1afd 1d 20 20 20 20 20 20 20 20 20 10b9
1f 20 20 20 20 20 20 20 20 20 20 20 20 10b4 121c 1478
1652 1aaa 1b01 1a 20 20 20 20 20 20 20 20 20 10b9 1f 20
20 20 20 20 20 1473 1f 20 20 20 20 20 20 1a1c 1f 20
20 20 20 20 20 20 20 20 20 20 20 20 20 20 20 20
20 20 20 20 20 20 1ad5 1b00 1e 20 20 20 20 20 20 20
20 20 20 20 20 1470 1f 20 20 20 20 10b4 1f 20 20 20
20 1478 1a1c 1b01 1d 20 20 20 20 20 20 20 20 20 10b9 1f
20 20 20 20 20 20 1473 1f 20 20 20 20 20 20 10b4 12fd
1300 1478 162d 1ad5 1b00 19 20 20 20 20 20 20 20 20 20 10b9
1f 20 20 20 20 20 20 1473 1f 20 20 20 20 20 20 10b4
121c 1301 1478 1652 1a1c 1b01 19 20 20 20 20 20 20 20 20 20
10b9 1f 20 20 20 20 20 20 1473 1f 20 20 20 20 20 10b4
122d 1ad5 1b00 1c 20 20 20 20 20 20 20 20 20 10b9 1f 20
20 20 20 20 20 20 20 20 20 20 20 20 10b4 121c 1a1c 1b01
1c 20 20 20 20 20 20 20 20 20 10b9 1f 20 20 20 1470
1f 20 20 20 20 20 20 20 20 20 10b4 12e1 1300 1478 160c 1ac4
1a 20 20 20 20 20 20 20 20 20 10b9 1f 20 20 20 20
20 20 1473 1f 20 20 20 20 20 1a0c 1f 20 20 20 20 20
20 20 20 20 20 20 20 20 20 20 20 20 20 20 20 20
20 20 1478 162d 1ae1 1b00 1c 20 20 20 20 20 20 20 20 20
20 20 20 20 20 20 20 1473 1f 20 20 20 20 20 20 1a0c
1b01 1e 20 20 20 20 20 20 20 20 20 10b4 1f 20 20 20
20 20 20 20 20 20 10b0 1f 20 20 10b4 120c 1301 1478 1652 1ae1
1b00 19 20 20 20 20 20 20 20 20 20 10b9 1f 20 20 20
20 20 20 1473 1f 20 20 20 20 20 20 1a0c 1b01 1e 20 20
20 20 20 20 20 20 20 20 20 20 20 20 20 20 20 20
20 20 20 20 20 10b4 12ef 1300 1ae1 1b00 1b 20 20 20 20 20
20 20 20 20 10b9 1f 20 20 20 20 20 20 20 20 20 20
20 1470 1f 10b4 12e1 1a0c 1b01 1c 20 20 20 20 20 20 20 20
20 10b9 1f 20 20 20 20 20 20 20 20 20 20 20 20 20
10b4 12ef 1478 162d 1ade 1b 20 20 20 20 20 20 20 20 20 10b9
1f 20 20 20 20 20 20 1473 1f 20 20 20 20 20 20 1a2d
1f 20 20 20 20 20 20 20 20 20 20 20 20 20 20 20
20 20 20 20 20 20 20 20 10b4 12a9 1478 160c 1aef 1b00 1a 20
20 20 20 20 20 20 20 20 10b9 1f 20 20 20 20 20 20
1473 1f 20 20 20 20 20 1a2d 1b01 1e 20 20 20 20 20 20
20 20 20 20 20 20 20 20 20 20 20 20 20 20 20 20
20 10b4 12b3 1478 16ef 1700 1aef 1b00 19 20 20 20 20 20 20 20
20 20 10b9 1f 20 20 20 20 20 20 1473 1f 20 20 20 20
20 20 1a2d 1b01 1e 20 20 20 20 20 20 20 20 20 20 20
20 20 20 20 20 20 20 20 20 20 20 10b4 12a9 1478 16c9 1aef
1b00 1a 20 20 20 20 20 20 20 20 20 10b9 1f 20 20 20
20 20 20 1473 1f 20 20 20 20 20 20 1a2d 1b01 1e 20 20
20 20 20 20 20 20 20 20 20 20 20 20 20 20 20 20
20 20 190f 1f 194f 1f 190f 1f 194f 10b4 1296 1478 16a9 1ac4 1a 190f
1f 194f 1f 20 20 20 20 20 20 20 10b9 1f 20 20 20 20
20 20 1473 1f 20 20 20 20 20 1a2d 1f 20 20 20 20 20
20 20 20 20 20 20 20 20 20 20 20 20 20 20 20 20
20 20 1478 16b3 1ae1 1b00 1c 20 20 20 20 20 20 20 20 20
20 20 20 20 20 20 20 1473 1f 20 20 20 20 20 20 1478
16c9 1a2d 1b01 1c 20 20 20 20 20 20 20 20 20 20 20 20
20 20 20 20 1473 1f 20 20 20 20 20 1478 16e1 1afb 1d 20
20 20 20 20 20 20 20 20 20 20 20 20 20 20 20 1473
1f 20 10b4 1f 20 20 20 20 1a2d 1f 20 20 20 20 10b0 1f
20 20 20 20 20 20 20 20 20 20 20 20 20 20 20 20
20 20 1478 16fd 1afd 1b00 1c 20 20 20 20 20 20 20 20 20
20 20 20 20 20 20 20 1473 1f 20 20 20 20 20 1a2d 1b01
1e 20 20 20 20 20 20 20 20 20 20 20 20 20 20 20
20 20 20 20 20 20 20 20 10b4 1286 1478 16e1 1a52 1b 20 20
20 20 20 20 20 20 20 10b9 1f 20 20 20 20 20 20 1473
1f 20 20 20 20 20 20 1ae1 1b00 1e 20 20 20 20 20 20
20 20 20 20 20 20 20 20 20 20 20 20 20 20 20 20
1aa9 1f 20 20 20 20 20 20 20 20 20 20 20 20 20 1470
1f 20 20 20 10b4 1f 20 20 20 20 20 1478 1ae1 1e 20 20
20 20 20 20 20 20 20 10b9 1f 20 20 20 20 20 20 1473
1f 20 20 20 20 20 20 10b4 12e1 1478 160c 1701 1aa9 1a 20 20
20 20 20 20 20 20 20 10b9 1f 20 20 20 20 20 20 1473
1f 20 20 20 20 20 20 1ae1 1f 20 20 20 20 20 20 20
20 20 20 20 20 20 20 20 20 20 20 20 20 20 20 10b4
12b3 1478 162d 1aa9 1b 20 20 20 20 20 20 20 20 20 10b9 1f
20 20 20 20 20 20 1473 1f 20 20 20 20 20 20 1ae1 1f
20 20 20 20 20 20 20 20 20 20 20 20 20 20 20 20
20 20 20 20 20 20 20 10b4 12a9 1478 16fd 1700 1a2d 1b01 19 20
20 20 20 20 20 20 20 20 10b9 1f 20 20 20 20 20 20
1473 1f 20 20 20 20 20 1ac9 1b00 1e 20 20 20 20 20 20
20 20 20 20 20 20 20 20 20 20 20 20 20 20 20 20
20 1aa9 1f 20 20 20 20 20 20 20 20 20 20 20 20 20
20 20 20 20 20 20 20 20 20 1470 1f 1ac9 1f 20 20 20
20 20 20 20 20 20 10b4 1f 20 20 20 20 20 20 20 20
20 10b0 1f 20 20 10b4 12b3 1478 16e1 1aa9 1b 20 20 20 20 20
20 20 20 20 10b9 1f 20 20 20 20 20 20 1473 1f 20 20
20 20 20 20 1ac9 1f 20 20 20 20 20 20 20 20 20 20
20 20 20 20 20 20 20 20 20 20 20 20 20 10b4 12c9 1478
16fd 1aa9 1b 20 20 20 20 20 20 20 20 20 10b9 1f 20 20
20 20 20 20 1473 1f 20 20 20 20 20 1ac9 1f 20 20 20
20 20 20 20 20 20 20 20 20 20 20 20 20 20 20 20
20 20 20 20 10b4 12e1 1478 160c 1701 1a67 1b01 19 20 20 20 20
20 20 20 20 20 10b9 1f 20 20 20 20 20 20 1473 1f 20
20 20 20 20 20 1a0c 1f 20 20 20 20 20 20 20 20 190f
1f 194f 1f 190f 1f 194f 1f 190f 1f 194f 1f 20 20 20 20 20
20 20 20 1ab3 1b00 1e 20 20 20 20 20 20 20 20 20 20
20 20 20 20 20 20 20 20 20 20 20 20 20 1470 1a0c 1b01
1d 20 20 20 20 20 20 20 20 20 20 20 20 20 20 20
20 20 20 20 20 20 20 20 1ab3 1b00 1e 20 10b4 1f 20 20
20 20 20 20 20 20 20 10b0 1f 20 20 20 20 20 20 20
20 20 20 10b4 1a0c 1b01 1d 20 20 20 20 20 20 20 20 20
10b9 1f 20 20 20 20 20 20 20 20 20 20 20 20 20 10b4
12c9 1ab3 1b00 1c 20 20 20 20 20 20 20 20 20 10b9 1f 20
20 20 20 20 20 20 20 20 20 20 20 20 10b4 12b3 1a0c 1b01
1c 20 20 20 20 20 20 20 20 20 10b9 1f 20 20 20 20
20 20 20 20 20 20 20 20 20 10b4 1478 1a93 1d 20 20 20
20 20 20 20 20 20 10b9 1f 20 20 20 20 20 20 1473 1f
20 20 20 20 20 1a0c 1f 20 20 20 20 20 20 20 20 20
20 20 20 20 20 20 20 20 20 20 20 20 20 20 10b4 12a9
1ac9 1b00 1c 20 20 20 20 20 20 20 20 20 10b9 1f 20 20
20 20 20 20 20 20 20 20 20 20 20 1470 1a0c 1b01 1d 20
20 20 20 20 20 20 20 20 20 20 20 20 20 20 20 20
20 20 20 20 20 10b4 120c 1301 1ac9 1b00 1b 20 20 20 20 20
20 20 20 20 10b9 1f 20 20 20 20 20 20 20 20 20 20
20 20 20 1a0c 1b01 1e 20 20 20 20 20 20 20 20 20 20
20 20 20 20 20 20 20 20 20 20 20 20 20 10b4 12fd 1300
1478 1652 1ac9 1b00 19 20 20 20 20 20 20 20 20 20 10b9 1f
20 20 20 20 20 20 1473 1f 20 20 20 20 20 1afd 1f 20
20 20 20 20 20 20 20 20 20 20 20 20 20 20 20 20
20 20 20 20 20 20 10b4 12e1 1478 160c 1a67 1b01 1a 20 20 20
20 20 20 20 20 20 10b9 1f 20 20 20 20 20 20 1473 1f
20 20 20 20 20 20 1a0c 1f 20 20 20 20 20 20 20 20
20 20 20 20 20 20 20 20 20 20 20 20 20 20 1ab3 1b00
1e 20 20 20 20 20 20 20 20 20 20 20 20 20 20 20
20 20 20 20 20 20 20 20 1470 1a0c 1b01 1d 20 20 20 20
20 20 20 20 20 20 20 20 20 20 20 20 20 20 20 20
20 20 20 1ab3 1b00 1e 20 20 20 20 20 20 20 20 20 20
20 20 20 20 20 20 20 20 20 20 20 20 1a0c 1b01 1e 20
20 20 20 20 20 20 20 20 20 20 20 20 20 20 20 20
20 20 20 20 20 20 1ab3 1b00 1e 20 20 10b4 1f 20 20 20
20 20 20 20 20 20 10b0 1f 20 20 20 20 20 20 20 20
20 20 1a0c 1b01 1e 20 20 20 20 20 20 20 20 20 20 20
20 20 20 20 20 20 20 20 20 20 20 1a7c 1f 20 20 20
20 20 20 20 20 20 20 20 20 20 20 20 20 20 20 20
20 20 20 20 10b4 120c 1301 1a0c 1c 20 20 20 20 20 20 20
20 20 10b9 1f 20 20 20 20 20 20 20 20 20 20 20 20
20 10b4 12fd 1300 1478 162d 1abe 1b00 19 20 20 20 20 20 20 20
20 20 10b9 1f 20 20 20 20 20 20 190f 1473 1e 194f 1f 190f
1f 194f 1f 190f 1f 194f 1f 190f 1f 194f 10b4 120c 1301 1a0c 1b01 1a
190f 1f 194f 1f 20 20 20 20 20 20 20 10b9 1f 20 20 20
20 20 20 20 20 20 20 20 20 10b4 12c9 1300 1478 163f 1a93 1a
20 20 20 20 20 20 20 20 20 10b9 1f 20 20 20 20 20
20 1473 1f 20 20 20 20 20 20 10b4 12e1 1a0c 1d 20 20 20
20 20 20 20 20 20 10b9 1f 20 20 20 20 20 20 20 20
20 20 20 20 20 10b4 12fd 1478 1667 1ac9 1b00 1a 20 20 20 20
20 20 20 20 20 10b9 1f 20 20 20 20 20 20 1473 1f 20
20 20 20 20 10b4 120c 1301 1478 163f 1a0c 1b01 19 20 20 20 20
20 20 20 20 20 10b9 1f 20 20 20 20 20 20 1473 1f 20
20 20 20 20 20 10b4 1478 162d 1a93 1c 20 20 20 20 20 20
20 20 20 10b9 1f 20 20 20 20 20 20 1473 1f 20 20 20
20 20 20 10b4 12fd 1300 1afd 1b00 1b 20 20 20 20 20 20 20
20 20 10b9 1f 20 20 20 20 20 20 20 20 20 20 20 20
10b4 122d 1301 1ac9 1c 20 20 20 20 20 20 20 20 20 10b9 1f
20 20 20 20 20 20 20 20 20 20 20 20 20 1470 1afd 1e
20 20 20 20 20 20 20 20 20 20 20 20 20 20 20 20
20 20 20 20 20 20 20 1ac9 1f 20 20 20 20 20 20 20
20 20 20 20 20 20 20 20 20 20 20 20 20 20 20 1afd
1f 20 20 20 20 20 20 20 20 20 20 20 20 20 20 20
20 20 20 20 20 20 20 20 1ac9 1f 20 20 20 20 20 20
20 20 20 20 20 20 20 20 20 20 20 10b4 1f 20 20 20
20 20 1afd 1f 20 20 20 10b0 1f 20 20 20 20 20 20 20
20 20 20 20 20 20 20 20 20 20 20 1aaa 1b01 1e 20 20
20 20 20 20 20 20 20 20 20 20 20 20 20 20 20 20
20 20 20 20 20 10b4 12fd 1300 1478 1afd 1b00 1a 20 20 20 20
20 20 20 20 20 10b9 1f 20 20 20 20 20 20 1473 1f 20
20 20 20 20 20 10b4 12e1 1ad5 1d 20 20 20 20 20 20 20
20 20 10b9 1f 20 20 20 20 20 20 20 20 20 20 20 20
10b4 12fd 1afd 1d 20 20 20 20 20 20 20 20 20 10b9 1f 20
20 20 1470 1f 20 20 20 20 20 20 20 20 20 10b4 12a9 1478
1652 1ad5 1b 20 20 20 20 20 20 20 20 20 10b9 1f 20 20
20 20 20 20 1473 1f 20 20 20 20 20 20 10b4 12fd 1afd 1d
20 20 20 20 20 20 20 20 20 10b9 1f 20 20 20 20 20
20 20 20 20 20 20 20 20 10b4 12e1 1478 162d 1ad5 1b 20 20
20 20 20 20 20 20 20 10b9 1f 20 20 20 20 20 20 1473
1f 20 20 20 20 20 10b4 12fd 1afd 1d 20 20 20 20 20 20
20 20 20 10b9 1f 20 20 20 20 20 20 20 20 20 20 20
20 20 10b4 120c 1301 1478 1652 1a52 1b01 19 20 20 20 20 20 20
20 20 20 10b9 1f 20 20 20 20 20 20 1473 1f 20 20 20
20 20 20 1478 1619 1702 1d 20 20 20 20 20 20 20 20 20
20 20 20 20 20 20 20 1473 1f 20 20 20 20 20 1478 16fb
1701 1a67 1c 20 20 20 20 20 20 20 20 20 20 20 20 20
20 20 20 1473 1f 20 20 20 20 20 20 1478 16c4 1e 20 20
20 20 20 20 20 20 20 20 20 20 20 20 20 20 1473 1f
20 20 20 20 20 20 1478 1693 1a93 1d 20 10b4 1f 20 20 190f
1f 194f 1f 190f 1f 194f 1f 190f 1f 194f 1f 20 10b0 1f 20 20
20 20 1473 1f 20 20 20 20 20 10b4 12e1 1300 1478 1667 1b 20
20 20 20 20 20 20 20 20 10b9 1f 20 20 20 20 20 20
1473 1f 20 20 20 20 20 20 10b4 12a9 1478 1652 1ac4 1b 20 20
20 20 20 20 20 20 20 10b9 1f 20 20 20 20 20 20 1473
1f 20 20 20 20 20 20 10b4 1286 1478 163f 1c 20 20 20 20
20 20 20 20 20 10b9 1f 20 20 20 20 20 20 1473 1f 20
20 20 20 20 10b4 12b3 1478 162d 1ade 1b 20 20 20 20 20 20
20 20 20 10b9 1f 20 20 20 20 20 20 1473 1f 20 20 20
20 20 20 20 20 20 20 20 20 20 20 20 20 20 20 20
20 20 20 20 20 20 20 20 20 20 20 20 20 20 20 20
20 20 20 20 20 20 20 20 20 20 20 20 1470 1f 20 20
20 20 20 20 20 20 20 20 20 20 20 20 20 20 20 1478
161c 1e 20 20 20 160c 1f 20 20 20 16fd 1700 1e 20 20 20
16ef 1a2d 1e 20 20 20 20 20 20 20 20 20 20 20 20 20
20 20 20 1473 1f 10b4 1f 20 20 20 20 20 20 20 20 20
10b0 1f 20 20 20 20 20 20 20 20 20 20 20 20 20 20
20 20 20 20 1a93 1f 20 20 20 20 20 20 20 20 20 20
20 20 20 20 20 20 20 20 20 20 20 20 1470 1f 10b4 12c9
1e 20 20 20 20 20 20 20 20 20 10b9 1f 20 20 20 20
20 20 20 20 20 20 20 20 20 10b4 12a9 1478 16fd 1a96 1b00 1a
20 20 20 20 20 20 20 20 20 10b9 1f 20 20 20 20 20
20 1473 1f 20 20 20 20 20 20 10b4 12c9 1e 20 20 20 20
20 20 20 20 20 10b9 1f 20 20 20 20 20 20 20 20 20
20 20 20 10b4 1478 162d 1701 1aa9 1b 20 20 20 20 20 20 20
20 20 10b9 1f 20 20 20 20 20 20 1473 1f 20 20 20 20
20 20 10b4 12fd 1e 20 20 20 20 20 20 20 20 20 10b9 1f
20 20 20 20 20 20 20 20 20 20 20 20 20 10b4 1478 1652
1ac9 1c 20 20 20 20 20 20 20 20 20 10b9 1f 20 20 20
20 20 20 1473 1f 20 20 20 20 20 10b4 122d 1301 1d 20 20
20 20 20 20 20 20 20 10b9 1f 20 20 20 20 20 20 20
20 20 20 20 20 20 10b4 1478 1693 1afd 1c 20 20 20 20 20
20 20 20 20 10b9 1f 20 20 20 20 20 20 1473 1f 20 20
20 20 20 20 10b4 1252 1e 20 20 20 20 20 20 20 20 20
10b9 1f 20 20 20 20 20 20 20 20 20 20 20 20 10b4 1478
16aa 1a3f 1b01 1b 20 20 20 20 20 20 20 20 20 10b9 1f 20
20 20 20 20 20 1473 1f 20 20 20 20 20 20 1478 16c4 1e
20 20 20 20 20 20 20 20 20 20 20 20 20 20 20 20
1473 1f 20 20 20 20 20 20 1478 16fb 1e 20 20 20 20 20
20 20 20 20 20 20 20 20 20 20 20 1473 1f 20 20 20
20 20 1478 16aa 1e 20 20 20 20 20 20 20 20 20 10b4 1f
20 20 20 20 20 20 1473 1f 20 20 10b0 1f 20 20 20 10b4
122d 1478 16c4 1ac4 1b 20 20 20 20 20 20 20 20 20 10b9 1f
20 20 20 20 20 20 1473 1f 20 20 20 20 20 20 1478 1693
1e 20 20 20 20 20 20 20 20 20 20 20 20 20 20 190f
1f 194f 1f 190f 1473 1e 194f 1f 20 190f 1f 194f 1f 20 1478 1667
1a67 1d 190f 1f 194f 1f 20 20 20 20 20 20 20 20 20 20
20 20 20 20 1473 1f 20 20 20 20 20 20 1478 16c4 1e 20
20 20 20 20 20 20 20 20 10b4 1f 20 20 20 20 20 20
1473 1f 20 20 10b0 1f 20 20 20 10b4 1252 1478 1652 1a52 1b 20
20 20 20 20 20 20 20 20 10b9 1f 20 20 20 20 20 20
1473 1f 20 20 20 20 20 1ae1 1b00 1e 20 20 20 20 20 20
20 20 20 20 20 20 20 20 20 20 20 20 20 20 20 20
20 1aa9 1f 20 20 20 20 20 20 20 20 20 20 20 20 20
20 20 20 20 20 20 20 20 20 20 1470 1ae1 1e 20 20 20
20 20 20 20 20 20 20 20 20 20 20 20 20 20 20 20
20 20 20 20 1a96 1f 20 20 20 20 20 20 20 20 20 20
20 20 20 20 20 20 20 20 20 20 20 20 1ae1 1f 20 20
20 20 20 20 20 20 20 20 20 20 20 20 20 20 20 20
20 20 20 20 20 1aa9 1f 20 20 10b4 1f 20 20 20 20 20
20 20 20 20 10b0 1f 20 20 20 20 20 20 20 20 20 20
1ae1 1f 20 20 20 20 20 20 20 20 20 20 20 20 20 20
20 20 20 20 20 20 20 20 1a52 1b01 1e 20 20 20 20 20
20 20 20 20 20 20 20 20 20 20 20 20 20 20 20 20
20 20 1ae1 1b00 1e 20 20 20 20 20 20 20 20 20 20 20
20 20 20 20 20 20 20 20 20 20 20 20 1aa9 1f 20 20
20 20 20 20 20 20 20 20 20 20 20 20 20 20 20 20
20 20 20 20 1ae1 1f 20 20 20 20 20 20 20 20 20 20
20 20 20 20 20 20 20 20 20 20 20 20 20 1a96 1f 20
20 20 20 20 20 20 20 20 20 20 20 20 20 20 20 20
20 20 20 20 20 20 1ae1 1f 20 20 20 20 20 20 20 20
20 20 20 20 20 20 20 20 20 20 20 20 20 20 1aa9 1f
20 20 20 20 20 20 20 20 20 20 20 20 20 20 20 20
20 20 20 20 20 20 20 1ae1 1f 20 20 20 20 20 20 20
20 20 20 20 20 20 20 20 20 20 20 20 20 20 20 20
10b4 12e1 1300 1478 160c 1a52 1b01 19 20 20 20 20 20 20 20 20
20 10b9 1f 20 20 20 20 20 20 1473 1f 20 20 20 20 20
10b4 1286 1ae1 1b00 1c 20 20 20 20 20 20 20 20 20 10b9 1f
20 20 20 20 20 20 20 20 20 20 20 20 20 10b4 1296 1478
16fd 1700 1aa9 1a 20 20 20 20 20 20 20 20 20 10b9 1f 20
20 20 20 20 20 1473 1f 20 20 20 20 20 20 10b4 12a9 1ae1
1d 20 20 20 20 20 20 20 20 20 10b9 1f 20 20 20 20
20 20 20 20 20 20 20 20 10b4 12b3 1478 16e1 1aa9 1b 20 20
20 20 20 20 20 20 20 10b9 1f 20 20 20 20 20 20 1473
1f 20 20 20 20 20 20 10b4 12a9 1ae1 1d 20 20 20 20 20
20 20 20 20 10b9 1f 20 20 20 20 20 20 20 20 20 20
20 20 20 10b4 120c 1301 1aa9 1c 20 20 20 20 20 20 20 20
20 10b9 1f 20 20 20 20 20 20 20 20 20 20 20 1470 1f
20 10b4 12c9 1300 1ae1 1c 190f 1f 194f 1f 20 190f 1f 194f 1f 20
20 20 20 10b9 1f 20 20 20 20 20 20 20 20 20 20 20
20 10b4 12e1 1478 162d 1701 1a67 1b01 19 20 20 20 20 20 20 20
20 20 10b9 1f 20 20 20 20 20 20 1473 1f 20 20 20 20
20 20 1ae1 1b00 1e 20 20 20 20 20 20 20 20 20 20 20
20 20 20 20 20 20 20 20 20 20 20 20 10b4 1ab3 1e 20
20 20 20 20 20 20 20 20 10b9 1f 20 20 20 20 20 20
20 20 20 20 20 20 1470 1ae1 1e 20 20 20 20 20 20 20
20 20 20 20 20 20 20 20 20 20 20 20 20 20 20 20
10b4 122d 1301 1ab3 1c 20 20 20 20 20 20 20 20 20 10b9 1f
20 20 20 20 20 20 20 20 20 20 20 20 20 1ae1 1f 20
20 20 20 20 20 20 20 20 20 20 20 20 20 20 20 20
20 20 20 20 20 10b4 12c9 1300 1ab3 1c 20 20 20 20 20 20
20 20 20 10b9 1f 20 20 20 20 20 20 20 20 20 20 20
20 20 1ae1 1f 20 20 20 20 20 20 20 20 20 20 20 20
20 20 20 20 20 20 20 20 20 20 20 10b4 12e1 1478 1a7c 1b01
1b 20 20 20 20 20 20 20 20 20 10b9 1f 20 20 20 20
20 20 1473 1f 20 20 20 20 20 1ae1 1b00 1e 20 20 20 20
20 20 20 20 20 20 20 20 20 20 20 20 20 20 20 20
20 20 20 1abe 1f 20 20 20 20 20 20 20 20 20 20 20
20 20 20 20 20 20 10b4 1f 20 20 20 20 20 1470 1ae1 1e
20 20 20 20 20 20 20 20 20 10b9 1f 20 20 20 20 20
20 20 20 20 20 20 20 10b4 122d 1301 1abe 1c 20 20 20 20
20 20 20 20 20 10b9 1f 20 20 20 20 20 20 20 20 20
20 20 20 20 1ae1 1f 20 20 20 20 20 20 20 20 20 20
20 20 20 20 20 20 20 20 20 20 20 20 20 10b4 12c9 1300
1abe 1c 20 20 20 20 20 20 20 20 20 10b9 1f 20 20 20
20 20 20 20 20 20 20 20 20 10b4 12e1 1ae1 1d 20 20 20
20 20 20 20 20 20 10b9 1f 20 20 20 20 20 20 20 20
20 20 20 20 20 10b4 12fd 1478 1667 1a93 1b01 1a 20 20 20 20
20 20 20 20 20 10b9 1f 20 20 20 20 20 20 1473 1f 20
20 20 20 20 20 1afd 1b00 1e 20 20 20 20 20 20 20 20
20 20 20 20 20 20 20 20 20 20 20 20 20 20 20 10b4
1252 1301 1470 1ac9 1b 20 20 20 20 20 20 20 20 20 10b9 1f
20 20 20 20 20 20 20 20 20 20 20 20 1afd 1f 20 20
20 20 20 20 20 20 20 20 20 20 20 20 20 20 20 20
20 20 20 20 20 1ac9 1f 20 20 20 20 20 20 20 20 20
20 20 20 20 20 20 20 20 20 20 20 20 20 20 1afd 1f
20 20 20 20 20 20 20 20 20 10b4 1f 20 20 20 20 20
20 20 20 20 10b0 1f 20 20 10b4 1ac9 1e 20 20 20 20 20
20 20 20 20 10b9 1f 20 20 20 20 20 20 20 20 20 20
20 20 20 10b4 122d 1afd 1d 20 20 20 20 20 20 20 20 20
10b9 1f 20 20 20 20 20 20 20 20 20 20 20 20 20 10b4
121c 1478 1652 1aaa 1b01 1a 20 20 20 20 20 20 20 20 20 10b9
1f 20 190f 1f 194f 1f 190f 1f 194f 1f 190f 1f 194f 1473 1e 190f
1f 194f 1f 20 20 20 1a1c 1f 20 20 20 20 20 20 20 20
20 20 20 20 20 20 20 20 20 20 20 20 20 20 20 1ad5
1b00 1e 20 20 20 20 20 20 20 20 20 20 20 20 20 1470
1f 20 20 20 10b4 1f 20 20 20 20 20 1478 1a1c 1b01 1d 20
20 20 20 20 20 20 20 20 10b9 1f 20 20 20 20 20 20
1473 1f 20 20 20 20 20 10b4 12fd 1300 1478 162d 1ad5 1b00 19 20
20 20 20 20 20 20 20 20 10b9 1f 20 20 20 20 20 20
1473 1f 20 20 20 20 20 20 10b4 121c 1301 1478 1652 1a1c 1b01 19
20 20 20 20 20 20 20 20 20 10b9 1f 20 20 20 20 20
20 1473 1f 20 20 20 20 20 20 10b4 122d 1ad5 1b00 1c 20 20
20 20 20 20 20 20 20 10b9 1f 20 20 20 20 20 20 20
20 20 20 20 20 10b4 121c 1a1c 1b01 1c 20 20 20 20 20 20
20 20 20 10b9 1f 20 20 20 1470 1f 20 20 20 20 20 20
20 20 20 10b4 12e1 1300 1478 160c 1ac4 1a 20 20 20 20 20 20
20 20 20 10b9 1f 20 20 20 20 20 20 1473 1f 20 20 20
20 20 20 1a0c 1f 20 20 20 20 20 20 20 20 20 20 20
20 20 20 20 20 20 20 20 20 20 20 1478 162d 1ae1 1b00 1c
20 20 20 20 20 20 20 20 20 20 20 20 20 20 20 20
1473 1f 20 20 20 20 20 20 1a0c 1b01 1e 20 20 20 20 20
20 20 20 20 10b4 1f 20 20 20 20 20 20 20 20 20 10b0
1f 20 20 20 10b4 120c 1301 1478 1652 1ae1 1b00 19 20 20 20 20
20 20 20 20 20 10b9 1f 20 20 20 20 20 20 1473 1f 20
20 20 20 20 20 1a0c 1b01 1e 20 20 20 20 20 20 20 20
20 20 20 20 20 20 20 20 20 20 20 20 20 20 10b4 12ef
1300 1ae1 1b00 1b 20 20 20 20 20 20 20 20 20 10b9 1f 20
20 20 20 20 20 20 20 20 20 20 20 1470 1f 10b4 12e1 1a0c
1b01 1c 20 20 20 20 20 20 20 20 20 10b9 1f 20 20 20
20 20 20 20 20 20 20 20 20 20 10b4 12ef 1478 162d 1ade 1b
20 20 20 20 20 20 20 20 20 10b9 1f 20 20 20 20 20
20 1473 1f 20 20 20 20 20 1a2d 1f 20 20 20 20 20 20
20 20 20 20 20 20 20 20 20 20 20 20 20 20 20 20
20 10b4 12a9 1478 160c 1aef 1b00 1a 20 20 20 20 20 20 20 20
20 10b9 1f 20 20 20 20 20 20 1473 1f 20 20 20 20 20
20 1a2d 1b01 1e 20 20 20 20 20 20 20 20 20 20 20 20
20 20 20 20 20 20 20 20 20 20 10b4 12b3 1478 16ef 1700 1aef
1b00 19 20 20 20 20 20 20 20 20 20 10b9 1f 20 20 20
20 20 20 1473 1f 20 20 20 20 20 20 1a2d 1b01 1e 20 20
20 20 20 20 20 20 20 20 20 20 20 20 20 20 20 20
20 20 20 20 20 10b4 12a9 1478 16c9 1aef 1b00 1a 20 20 20 20
20 20 20 20 20 10b9 1f 20 20 20 20 20 20 1473 1f 20
20 20 20 20 1a2d 1b01 1e 20 20 20 20 20 20 20 20 20
20 20 20 20 20 20 20 20 20 20 20 20 20 20 10b4 1296
1478 16a9 1ac4 1b 20 20 20 20 20 20 20 20 20 10b9 1f 20
20 20 20 20 20 1473 1f 20 20 20 20 20 20 1a2d 1f 20
20 20 20 20 20 20 20 20 20 20 20 20 20 20 20 20
20 20 20 20 20 1478 16b3 1ae1 1b00 1c 190f 1f 194f 1f 190f 1f
194f 1f 190f 1f 194f 1f 20 20 20 20 20 20 20 20 20 20
1473 1f 20 20 20 20 20 20 1478 16c9 1a2d 1b01 1c 20 20 20
20 20 20 20 20 20 20 20 20 20 20 20 20 1473 1f 20
20 20 20 20 20 1478 16e1 1afb 1d 20 20 20 20 20 20 20
20 20 20 20 20 20 20 20 20 1473 1f 10b4 1f 20 20 20
20 1a2d 1f 20 20 20 20 10b0 1f 20 20 20 20 20 20 20
20 20 20 20 20 20 20 20 20 20 20 1478 16fd 1afd 1b00 1c
20 20 20 20 20 20 20 20 20 20 20 20 20 20 20 20
1473 1f 20 20 20 20 20 20 1a2d 1b01 1e 20 20 20 20 20
20 20 20 20 20 20 20 20 20 20 20 20 20 20 20 20
20 20 10b4 1286 1478 16e1 1a52 1b 20 20 20 20 20 20 20 20
20 10b9 1f 20 20 20 20 20 20 1473 1f 20 20 20 20 20
1ae1 1b00 1e 20 20 20 20 20 20 20 20 20 20 20 20 20
20 20 20 20 20 20 20 20 20 20 1aa9 1f 20 20 20 20
20 20 20 20 20 20 20 20 20 1470 1f 20 20 20 10b4 1f
20 20 20 20 20 1478 1ae1 1e 20 20 20 20 20 20 20 20
20 10b9 1f 20 20 20 20 20 20 1473 1f 20 20 20 20 20
10b4 12e1 1478 160c 1701 1aa9 1a 20 20 20 20 20 20 20 20 20
10b9 1f 20 20 20 20 20 20 1473 1f 20 20 20 20 20 20
1ae1 1f 20 20 20 20 20 20 20 20 20 20 20 20 20 20
20 20 20 20 20 20 20 20 20 10b4 12b3 1478 162d 1aa9 1b 20
20 20 20 20 20 20 20 20 10b9 1f 20 20 20 20 20 20
1473 1f 20 20 20 20 20 1ae1 1f 20 20 20 20 20 20 20
20 20 20 20 20 20 20 20 20 20 20 20 20 20 20 20
10b4 12a9 1478 16fd 1700 1a2d 1b01 19 20 20 20 20 20 20 20 20
20 10b9 1f 20 20 20 20 20 20 1473 1f 20 20 20 20 20
20 1ac9 1b00 1e 20 20 20 20 20 20 20 20 20 20 20 20
20 20 20 20 20 20 20 20 20 20 1aa9 1f 20 20 20 20
20 20 20 20 20 20 20 20 20 20 20 20 20 20 20 20
20 20 1470 1f 1ac9 1f 20 20 20 20 20 20 20 20 20 10b4
1f 20 20 20 20 20 20 20 20 20 10b0 1f 20 20 20 10b4
12b3 1478 16e1 1aa9 1b 20 20 20 20 20 20 20 20 20 10b9 1f
20 20 20 20 20 20 1473 1f 20 20 20 20 20 1ac9 1f 20
20 20 20 20 20 20 20 20 20 20 20 20 20 20 20 20
20 20 20 20 20 20 10b4 12c9 1478 16fd 1aa9 1b 20 20 20 20
20 20 20 20 20 10b9 1f 20 20 20 20 20 20 1473 1f 20
20 20 20 20 20 1ac9 1f 20 20 20 20 20 20 20 20 20
20 20 20 20 20 20 20 20 20 20 20 20 20 10b4 12e1 1478
160c 1701 1a67 1b01 19 20 20 20 20 20 20 20 20 20 10b9 1f
20 20 20 20 20 20 1473 1f 20 20 20 20 f000
